10 10 10 0.000000
0 0 0 20.000000
0 9 0 20.000000
0 0 1 20.000000
0 9 1 20.000000
0 0 2 20.000000
0 9 2 20.000000
0 0 3 20.000000
0 9 3 20.000000
0 0 4 20.000000
0 9 4 20.000000
0 0 5 20.000000
0 9 5 20.000000
0 0 6 20.000000
0 9 6 20.000000
0 0 7 20.000000
0 9 7 20.000000
0 0 8 20.000000
0 9 8 20.000000
0 0 9 20.000000
0 9 9 20.000000
0 0 0 20.000000
0 0 9 20.000000
0 1 0 20.000000
0 1 9 20.000000
0 2 0 20.000000
0 2 9 20.000000
0 3 0 20.000000
0 3 9 20.000000
0 4 0 20.000000
0 4 9 20.000000
0 5 0 20.000000
0 5 9 20.000000
0 6 0 20.000000
0 6 9 20.000000
0 7 0 20.000000
0 7 9 20.000000
0 8 0 20.000000
0 8 9 20.000000
0 9 0 20.000000
0 9 9 20.000000
1 0 0 20.000000
1 9 0 20.000000
1 0 1 20.000000
1 9 1 20.000000
1 0 2 20.000000
1 9 2 20.000000
1 0 3 20.000000
1 9 3 20.000000
1 0 4 20.000000
1 9 4 20.000000
1 0 5 20.000000
1 9 5 20.000000
1 0 6 20.000000
1 9 6 20.000000
1 0 7 20.000000
1 9 7 20.000000
1 0 8 20.000000
1 9 8 20.000000
1 0 9 20.000000
1 9 9 20.000000
1 0 0 20.000000
1 0 9 20.000000
1 1 0 20.000000
1 1 9 20.000000
1 2 0 20.000000
1 2 9 20.000000
1 3 0 20.000000
1 3 9 20.000000
1 4 0 20.000000
1 4 9 20.000000
1 5 0 20.000000
1 5 9 20.000000
1 6 0 20.000000
1 6 9 20.000000
1 7 0 20.000000
1 7 9 20.000000
1 8 0 20.000000
1 8 9 20.000000
1 9 0 20.000000
1 9 9 20.000000
2 0 0 20.000000
2 9 0 20.000000
2 0 1 20.000000
2 9 1 20.000000
2 0 2 20.000000
2 9 2 20.000000
2 0 3 20.000000
2 9 3 20.000000
2 0 4 20.000000
2 9 4 20.000000
2 0 5 20.000000
2 9 5 20.000000
2 0 6 20.000000
2 9 6 20.000000
2 0 7 20.000000
2 9 7 20.000000
2 0 8 20.000000
2 9 8 20.000000
2 0 9 20.000000
2 9 9 20.000000
2 0 0 20.000000
2 0 9 20.000000
2 1 0 20.000000
2 1 9 20.000000
2 2 0 20.000000
2 2 9 20.000000
2 3 0 20.000000
2 3 9 20.000000
2 4 0 20.000000
2 4 9 20.000000
2 5 0 20.000000
2 5 9 20.000000
2 6 0 20.000000
2 6 9 20.000000
2 7 0 20.000000
2 7 9 20.000000
2 8 0 20.000000
2 8 9 20.000000
2 9 0 20.000000
2 9 9 20.000000
3 0 0 20.000000
3 9 0 20.000000
3 0 1 20.000000
3 9 1 20.000000
3 0 2 20.000000
3 9 2 20.000000
3 0 3 20.000000
3 9 3 20.000000
3 0 4 20.000000
3 9 4 20.000000
3 0 5 20.000000
3 9 5 20.000000
3 0 6 20.000000
3 9 6 20.000000
3 0 7 20.000000
3 9 7 20.000000
3 0 8 20.000000
3 9 8 20.000000
3 0 9 20.000000
3 9 9 20.000000
3 0 0 20.000000
3 0 9 20.000000
3 1 0 20.000000
3 1 9 20.000000
3 2 0 20.000000
3 2 9 20.000000
3 3 0 20.000000
3 3 9 20.000000
3 4 0 20.000000
3 4 9 20.000000
3 5 0 20.000000
3 5 9 20.000000
3 6 0 20.000000
3 6 9 20.000000
3 7 0 20.000000
3 7 9 20.000000
3 8 0 20.000000
3 8 9 20.000000
3 9 0 20.000000
3 9 9 20.000000
4 0 0 20.000000
4 9 0 20.000000
4 0 1 20.000000
4 9 1 20.000000
4 0 2 20.000000
4 9 2 20.000000
4 0 3 20.000000
4 9 3 20.000000
4 0 4 20.000000
4 9 4 20.000000
4 0 5 20.000000
4 9 5 20.000000
4 0 6 20.000000
4 9 6 20.000000
4 0 7 20.000000
4 9 7 20.000000
4 0 8 20.000000
4 9 8 20.000000
4 0 9 20.000000
4 9 9 20.000000
4 0 0 20.000000
4 0 9 20.000000
4 1 0 20.000000
4 1 9 20.000000
4 2 0 20.000000
4 2 9 20.000000
4 3 0 20.000000
4 3 9 20.000000
4 4 0 20.000000
4 4 9 20.000000
4 5 0 20.000000
4 5 9 20.000000
4 6 0 20.000000
4 6 9 20.000000
4 7 0 20.000000
4 7 9 20.000000
4 8 0 20.000000
4 8 9 20.000000
4 9 0 20.000000
4 9 9 20.000000
5 0 0 20.000000
5 9 0 20.000000
5 0 1 20.000000
5 9 1 20.000000
5 0 2 20.000000
5 9 2 20.000000
5 0 3 20.000000
5 9 3 20.000000
5 0 4 20.000000
5 9 4 20.000000
5 0 5 20.000000
5 9 5 20.000000
5 0 6 20.000000
5 9 6 20.000000
5 0 7 20.000000
5 9 7 20.000000
5 0 8 20.000000
5 9 8 20.000000
5 0 9 20.000000
5 9 9 20.000000
5 0 0 20.000000
5 0 9 20.000000
5 1 0 20.000000
5 1 9 20.000000
5 2 0 20.000000
5 2 9 20.000000
5 3 0 20.000000
5 3 9 20.000000
5 4 0 20.000000
5 4 9 20.000000
5 5 0 20.000000
5 5 9 20.000000
5 6 0 20.000000
5 6 9 20.000000
5 7 0 20.000000
5 7 9 20.000000
5 8 0 20.000000
5 8 9 20.000000
5 9 0 20.000000
5 9 9 20.000000
6 0 0 20.000000
6 9 0 20.000000
6 0 1 20.000000
6 9 1 20.000000
6 0 2 20.000000
6 9 2 20.000000
6 0 3 20.000000
6 9 3 20.000000
6 0 4 20.000000
6 9 4 20.000000
6 0 5 20.000000
6 9 5 20.000000
6 0 6 20.000000
6 9 6 20.000000
6 0 7 20.000000
6 9 7 20.000000
6 0 8 20.000000
6 9 8 20.000000
6 0 9 20.000000
6 9 9 20.000000
6 0 0 20.000000
6 0 9 20.000000
6 1 0 20.000000
6 1 9 20.000000
6 2 0 20.000000
6 2 9 20.000000
6 3 0 20.000000
6 3 9 20.000000
6 4 0 20.000000
6 4 9 20.000000
6 5 0 20.000000
6 5 9 20.000000
6 6 0 20.000000
6 6 9 20.000000
6 7 0 20.000000
6 7 9 20.000000
6 8 0 20.000000
6 8 9 20.000000
6 9 0 20.000000
6 9 9 20.000000
7 0 0 20.000000
7 9 0 20.000000
7 0 1 20.000000
7 9 1 20.000000
7 0 2 20.000000
7 9 2 20.000000
7 0 3 20.000000
7 9 3 20.000000
7 0 4 20.000000
7 9 4 20.000000
7 0 5 20.000000
7 9 5 20.000000
7 0 6 20.000000
7 9 6 20.000000
7 0 7 20.000000
7 9 7 20.000000
7 0 8 20.000000
7 9 8 20.000000
7 0 9 20.000000
7 9 9 20.000000
7 0 0 20.000000
7 0 9 20.000000
7 1 0 20.000000
7 1 9 20.000000
7 2 0 20.000000
7 2 9 20.000000
7 3 0 20.000000
7 3 9 20.000000
7 4 0 20.000000
7 4 9 20.000000
7 5 0 20.000000
7 5 9 20.000000
7 6 0 20.000000
7 6 9 20.000000
7 7 0 20.000000
7 7 9 20.000000
7 8 0 20.000000
7 8 9 20.000000
7 9 0 20.000000
7 9 9 20.000000
8 0 0 20.000000
8 9 0 20.000000
8 0 1 20.000000
8 9 1 20.000000
8 0 2 20.000000
8 9 2 20.000000
8 0 3 20.000000
8 9 3 20.000000
8 0 4 20.000000
8 9 4 20.000000
8 0 5 20.000000
8 9 5 20.000000
8 0 6 20.000000
8 9 6 20.000000
8 0 7 20.000000
8 9 7 20.000000
8 0 8 20.000000
8 9 8 20.000000
8 0 9 20.000000
8 9 9 20.000000
8 0 0 20.000000
8 0 9 20.000000
8 1 0 20.000000
8 1 9 20.000000
8 2 0 20.000000
8 2 9 20.000000
8 3 0 20.000000
8 3 9 20.000000
8 4 0 20.000000
8 4 9 20.000000
8 5 0 20.000000
8 5 9 20.000000
8 6 0 20.000000
8 6 9 20.000000
8 7 0 20.000000
8 7 9 20.000000
8 8 0 20.000000
8 8 9 20.000000
8 9 0 20.000000
8 9 9 20.000000
9 0 0 20.000000
9 9 0 20.000000
9 0 1 20.000000
9 9 1 20.000000
9 0 2 20.000000
9 9 2 20.000000
9 0 3 20.000000
9 9 3 20.000000
9 0 4 20.000000
9 9 4 20.000000
9 0 5 20.000000
9 9 5 20.000000
9 0 6 20.000000
9 9 6 20.000000
9 0 7 20.000000
9 9 7 20.000000
9 0 8 20.000000
9 9 8 20.000000
9 0 9 20.000000
9 9 9 20.000000
9 0 0 20.000000
9 0 9 20.000000
9 1 0 20.000000
9 1 9 20.000000
9 2 0 20.000000
9 2 9 20.000000
9 3 0 20.000000
9 3 9 20.000000
9 4 0 20.000000
9 4 9 20.000000
9 5 0 20.000000
9 5 9 20.000000
9 6 0 20.000000
9 6 9 20.000000
9 7 0 20.000000
9 7 9 20.000000
9 8 0 20.000000
9 8 9 20.000000
9 9 0 20.000000
9 9 9 20.000000
0 0 0 20.000000
9 0 0 20.000000
0 1 0 20.000000
9 1 0 20.000000
0 2 0 20.000000
9 2 0 20.000000
0 3 0 20.000000
9 3 0 20.000000
0 4 0 20.000000
9 4 0 20.000000
0 5 0 20.000000
9 5 0 20.000000
0 6 0 20.000000
9 6 0 20.000000
0 7 0 20.000000
9 7 0 20.000000
0 8 0 20.000000
9 8 0 20.000000
0 9 0 20.000000
9 9 0 20.000000
0 0 1 20.000000
9 0 1 20.000000
0 1 1 20.000000
9 1 1 20.000000
0 2 1 20.000000
9 2 1 20.000000
0 3 1 20.000000
9 3 1 20.000000
0 4 1 20.000000
9 4 1 20.000000
0 5 1 20.000000
9 5 1 20.000000
0 6 1 20.000000
9 6 1 20.000000
0 7 1 20.000000
9 7 1 20.000000
0 8 1 20.000000
9 8 1 20.000000
0 9 1 20.000000
9 9 1 20.000000
0 0 2 20.000000
9 0 2 20.000000
0 1 2 20.000000
9 1 2 20.000000
0 2 2 20.000000
9 2 2 20.000000
0 3 2 20.000000
9 3 2 20.000000
0 4 2 20.000000
9 4 2 20.000000
0 5 2 20.000000
9 5 2 20.000000
0 6 2 20.000000
9 6 2 20.000000
0 7 2 20.000000
9 7 2 20.000000
0 8 2 20.000000
9 8 2 20.000000
0 9 2 20.000000
9 9 2 20.000000
0 0 3 20.000000
9 0 3 20.000000
0 1 3 20.000000
9 1 3 20.000000
0 2 3 20.000000
9 2 3 20.000000
0 3 3 20.000000
9 3 3 20.000000
0 4 3 20.000000
9 4 3 20.000000
0 5 3 20.000000
9 5 3 20.000000
0 6 3 20.000000
9 6 3 20.000000
0 7 3 20.000000
9 7 3 20.000000
0 8 3 20.000000
9 8 3 20.000000
0 9 3 20.000000
9 9 3 20.000000
0 0 4 20.000000
9 0 4 20.000000
0 1 4 20.000000
9 1 4 20.000000
0 2 4 20.000000
9 2 4 20.000000
0 3 4 20.000000
9 3 4 20.000000
0 4 4 20.000000
9 4 4 20.000000
0 5 4 20.000000
9 5 4 20.000000
0 6 4 20.000000
9 6 4 20.000000
0 7 4 20.000000
9 7 4 20.000000
0 8 4 20.000000
9 8 4 20.000000
0 9 4 20.000000
9 9 4 20.000000
0 0 5 20.000000
9 0 5 20.000000
0 1 5 20.000000
9 1 5 20.000000
0 2 5 20.000000
9 2 5 20.000000
0 3 5 20.000000
9 3 5 20.000000
0 4 5 20.000000
9 4 5 20.000000
0 5 5 20.000000
9 5 5 20.000000
0 6 5 20.000000
9 6 5 20.000000
0 7 5 20.000000
9 7 5 20.000000
0 8 5 20.000000
9 8 5 20.000000
0 9 5 20.000000
9 9 5 20.000000
0 0 6 20.000000
9 0 6 20.000000
0 1 6 20.000000
9 1 6 20.000000
0 2 6 20.000000
9 2 6 20.000000
0 3 6 20.000000
9 3 6 20.000000
0 4 6 20.000000
9 4 6 20.000000
0 5 6 20.000000
9 5 6 20.000000
0 6 6 20.000000
9 6 6 20.000000
0 7 6 20.000000
9 7 6 20.000000
0 8 6 20.000000
9 8 6 20.000000
0 9 6 20.000000
9 9 6 20.000000
0 0 7 20.000000
9 0 7 20.000000
0 1 7 20.000000
9 1 7 20.000000
0 2 7 20.000000
9 2 7 20.000000
0 3 7 20.000000
9 3 7 20.000000
0 4 7 20.000000
9 4 7 20.000000
0 5 7 20.000000
9 5 7 20.000000
0 6 7 20.000000
9 6 7 20.000000
0 7 7 20.000000
9 7 7 20.000000
0 8 7 20.000000
9 8 7 20.000000
0 9 7 20.000000
9 9 7 20.000000
0 0 8 20.000000
9 0 8 20.000000
0 1 8 20.000000
9 1 8 20.000000
0 2 8 20.000000
9 2 8 20.000000
0 3 8 20.000000
9 3 8 20.000000
0 4 8 20.000000
9 4 8 20.000000
0 5 8 20.000000
9 5 8 20.000000
0 6 8 20.000000
9 6 8 20.000000
0 7 8 20.000000
9 7 8 20.000000
0 8 8 20.000000
9 8 8 20.000000
0 9 8 20.000000
9 9 8 20.000000
0 0 9 20.000000
9 0 9 20.000000
0 1 9 20.000000
9 1 9 20.000000
0 2 9 20.000000
9 2 9 20.000000
0 3 9 20.000000
9 3 9 20.000000
0 4 9 20.000000
9 4 9 20.000000
0 5 9 20.000000
9 5 9 20.000000
0 6 9 20.000000
9 6 9 20.000000
0 7 9 20.000000
9 7 9 20.000000
0 8 9 20.000000
9 8 9 20.000000
0 9 9 20.000000
9 9 9 20.000000
